 1.39074999e+00
 2.35214748e+00
 1.99122321e+00
 1.94002900e+00
 4.61054035e-01
 1.13455404e+00
 1.11134187e+00
 1.55472108e+00
 1.29098742e+00
 1.44086463e+00
 2.29097763e+00
 2.44085484e+00
 2.21498696e+00
 3.17638445e+00
 1.99122321e+00
 1.94002900e+00
 1.00000000e+00
 1.00000000e+00
 2.00000000e+00
 1.00000000e+00
 4.00000000e+00
 3.00000000e+00
 4.00000000e+00
 3.00000000e+00
 2.00000000e+00
 2.00000000e+00
 2.00000000e+00
 2.00000000e+00
 1.00000000e+00
 1.00000000e+00
 2.00000000e+00
 1.00000000e+00
